36
42 10 24
40 7 23
39 12 15
38 9 15
32 15 16
23 15 9
22 10 9
10 16 24
1 12 25
##start
2 3 18
3 6 16
4 7 13
5 9 13
6 10 11
7 12 11
8 14 12
9 15 14
11 17 15
12 17 18
13 15 18
14 15 20
15 13 20
16 11 20
17 9 19
18 7 20
19 5 20
20 6 18
21 8 17
##end
27 19 17
28 11 18
29 13 18
30 18 20
31 12 13
33 4 15
34 6 11
35 9 21
42-40
42-10
42-1
42-30
40-19
40-35
39-38
39-32
38-3
32-27
23-7
22-4
22-34
10-1
2-3
2-19
2-20
2-33
3-4
3-20
4-5
4-33
5-6
5-31
6-7
7-8
8-9
9-11
11-27
12-13
12-27
13-29
14-15
14-30
15-16
16-17
17-18
18-19
18-35
20-21
21-28
27-30
28-29
33-34
